peak_gpu_mem_mb: 29563.59912109375
runtime_s: 11534.012030619
