peak_gpu_mem_mb: 21848.15185546875
runtime_s: 2053.627130862
