peak_gpu_mem_mb: 3399.7451171875
runtime_s: 310.653088384
