peak_gpu_mem_mb: 22371.81591796875
runtime_s: 5686.842252382
