peak_gpu_mem_mb: 29795.48779296875
runtime_s: 13037.930544947
