peak_gpu_mem_mb: 3399.7451171875
runtime_s: 311.664861513
