peak_gpu_mem_mb: 3517.4443359375
runtime_s: 4030.512199837
