peak_gpu_mem_mb: 3517.4443359375
runtime_s: 4020.718312869
