peak_gpu_mem_mb: 24974.40087890625
runtime_s: 6600.884504462
