peak_gpu_mem_mb: 3528.7802734375
runtime_s: 14418.522386254
