peak_gpu_mem_mb: 12168.060546875
runtime_s: 6567.803231792
