peak_gpu_mem_mb: 24966.02685546875
runtime_s: 2522.166988275
