peak_gpu_mem_mb: 18783.86474609375
runtime_s: 4673.193045565
