peak_gpu_mem_mb: 16397.189453125
runtime_s: 8770.437606333
