peak_gpu_mem_mb: 21973.81982421875
runtime_s: 12944.441540335
