peak_gpu_mem_mb: 17015.66943359375
runtime_s: 1365.717009993
