peak_gpu_mem_mb: 18842.97607421875
runtime_s: 7271.608264293
