peak_gpu_mem_mb: 19543.77685546875
runtime_s: 1774.054965496
