peak_gpu_mem_mb: 3399.2451171875
runtime_s: 357.9283246
