peak_gpu_mem_mb: 14793.36865234375
runtime_s: 8411.599250611
