peak_gpu_mem_mb: 3518.3349609375
runtime_s: 4344.845563762
