peak_gpu_mem_mb: 14786.09521484375
runtime_s: 5994.33138355
