peak_gpu_mem_mb: 29580.39501953125
runtime_s: 7900.804412992
