peak_gpu_mem_mb: 5725.7001953125
runtime_s: 5314.207820074
