peak_gpu_mem_mb: 3516.2216796875
runtime_s: 4641.956486633
