peak_gpu_mem_mb: 18786.67919921875
runtime_s: 6335.581790308
