peak_gpu_mem_mb: 19543.76513671875
runtime_s: 7647.912501086
