peak_gpu_mem_mb: 18783.64501953125
runtime_s: 12386.017914689
