peak_gpu_mem_mb: 9258.3466796875
runtime_s: 646.79293251
