peak_gpu_mem_mb: 22493.97607421875
runtime_s: 9173.221722392
