peak_gpu_mem_mb: 21855.97021484375
runtime_s: 5230.441201558
