peak_gpu_mem_mb: 3524.0244140625
runtime_s: 13207.477020194
