peak_gpu_mem_mb: 7456.0009765625
runtime_s: 535.890603711
