peak_gpu_mem_mb: 9382.26318359375
runtime_s: 5297.502927412
