peak_gpu_mem_mb: 5727.8544921875
runtime_s: 3936.268652144
