peak_gpu_mem_mb: 18783.69677734375
runtime_s: 4649.542211457
