peak_gpu_mem_mb: 16270.8896484375
runtime_s: 1020.584710791
