peak_gpu_mem_mb: 7517.0927734375
runtime_s: 6277.597765989
