peak_gpu_mem_mb: 5633.7392578125
runtime_s: 452.629664021
