peak_gpu_mem_mb: 7517.0927734375
runtime_s: 6291.965837506
