peak_gpu_mem_mb: 18840.78271484375
runtime_s: 1540.193663824
