peak_gpu_mem_mb: 14784.34521484375
runtime_s: 1113.179355367
