peak_gpu_mem_mb: 16990.05029296875
runtime_s: 5584.716981223
