peak_gpu_mem_mb: 16404.60498046875
runtime_s: 10335.925939799
