peak_gpu_mem_mb: 29547.30810546875
runtime_s: 7790.235804918
