peak_gpu_mem_mb: 16991.53759765625
runtime_s: 4140.682854753
