peak_gpu_mem_mb: 3517.4443359375
runtime_s: 4041.715284213
