peak_gpu_mem_mb: 22377.15576171875
runtime_s: 8143.261959573
