peak_gpu_mem_mb: 3517.4443359375
runtime_s: 4031.366497111
