peak_gpu_mem_mb: 19551.52685546875
runtime_s: 4578.586052527
