peak_gpu_mem_mb: 18797.06787109375
runtime_s: 10759.819212797
