peak_gpu_mem_mb: 11104.3505859375
runtime_s: 8319.524131796
