peak_gpu_mem_mb: 21841.25341796875
runtime_s: 1298.198815694
