peak_gpu_mem_mb: 11114.3388671875
runtime_s: 6889.461540481
