peak_gpu_mem_mb: 29793.16943359375
runtime_s: 3032.20445102
