peak_gpu_mem_mb: 3524.9794921875
runtime_s: 12079.548653044
