peak_gpu_mem_mb: 21848.34521484375
runtime_s: 10888.843224079
