peak_gpu_mem_mb: 24966.90185546875
runtime_s: 9655.740007806
