peak_gpu_mem_mb: 29574.90185546875
runtime_s: 11807.380705133
