peak_gpu_mem_mb: 24964.15185546875
runtime_s: 10765.664537115
