peak_gpu_mem_mb: 17017.97607421875
runtime_s: 6593.419116918
