peak_gpu_mem_mb: 14785.84521484375
runtime_s: 4728.551458731
