peak_gpu_mem_mb: 19545.52685546875
runtime_s: 6697.284041052
