peak_gpu_mem_mb: 18846.4111328125
runtime_s: 1232.003859489
