peak_gpu_mem_mb: 21965.08447265625
runtime_s: 11314.827481306
