peak_gpu_mem_mb: 7519.0263671875
runtime_s: 4820.846867653
