peak_gpu_mem_mb: 11106.0009765625
runtime_s: 728.522017623
