peak_gpu_mem_mb: 22489.65771484375
runtime_s: 1944.468277867
