peak_gpu_mem_mb: 29574.15185546875
runtime_s: 17036.511550402
