peak_gpu_mem_mb: 12042.29638671875
runtime_s: 790.832175696
