peak_gpu_mem_mb: 12174.62646484375
runtime_s: 7525.100943634
