peak_gpu_mem_mb: 21849.90185546875
runtime_s: 7766.640232298
